
1.0
0.0
0.0
0.0
0.0
0.0
0.0
0.0
0.0
0.0
0.0
0.0
0.0
0.0
0.0
0.0
0.0
0.0
0.0
0.0
0.0
0.0
0.0
0.0
0.0
0.0
0.0
0.0
0.0
0.0
0.0
0.0
sqrt(0)=0.0
sqrt(1)=1.0
sqrt(2)=1.414
sqrt(3)=1.732
sqrt(4)=2.0
sqrt(5)=2.236
sqrt(6)=2.449
sqrt(7)=2.645
sqrt(8)=2.828
sqrt(9)=3.0
sqrt(10)=3.162
sqrt(11)=3.316
0.0
0.0
0.0
0.0
0.0
0.0
0.0
0.0
0.0
0.0
0.0
0.0
0.0
0.0
0.0
0.0
0.0
0.0
0.0
0.0
-2.0
-1.75
-1.5
-1.25
-1.0
-0.75
-0.5
-0.25
0.0
0.25
0.5
0.75
1.0
1.25
1.5
1.75
2.0
1.75
1.5
1.25
1.0
0.75
0.5
0.25
0.0
-0.25
-0.5
-0.75
-1.0
-1.25
-1.5
-1.75
-0.3116
-1.8910
1.1368
3.1933
6.5100
3.6252
-2.2566
6.4751
-3.5258
2.8155
4.1713
5.0225
-2.7760
-6.2770
5.5578
-0.5819
-2.5273
3.6253
-3.0864
3.2474
0.5826
-4.7229
6.1588
-6.6312
-5.4640
-3.7920
6.2379
6.3180
4.2328
-4.5917
1.9364
-6.4452
0.0
0.5
1.0
0.5
0.0
-0.5
-1.0
-0.5
0.0
0.0
0.0
0.0
0.0
0.0
0.0
0.0
0.0
0.0
0.0
0.0
0.0
0.0
0.0
0.0
-0.5
-1.0
-0.5
0.0
0.5
1.0
0.5
0.0